# logA n_s H0 tau_reio omega_b omega_cdm Tcal Ecal sqrt_k_eta0 A_planck P_act
1.129950039590945791e-04 8.328333710179202574e-06 7.434649921708289975e-04 5.235214511911143951e-05 2.238403972598669641e-07 -4.968363764826273861e-06 5.477412229202285506e-06 3.600646577292165555e-06 -1.461867943813903654e-04 9.747917337795204676e-06 -1.659053576578077194e-07
8.328333710179202574e-06 1.065354836643393080e-05 3.757146223970474490e-04 5.139932293270841169e-06 2.726762152240249266e-08 -1.876322712879810740e-06 2.118031625543496295e-06 7.377874483028973389e-07 -3.411875982265790439e-05 2.004748449006382327e-06 6.551812704412486011e-07
7.434649921708289975e-04 3.757146223970474490e-04 4.344093312676452490e-01 2.972722998629994577e-04 1.326009310233656353e-05 -1.941104521337092394e-04 1.551037525807490440e-04 1.127576482247106350e-04 5.645282796323360108e-02 2.961062386021360692e-04 -3.676683542840892660e-05
5.235214511911143951e-05 5.139932293270841169e-06 2.972722998629994577e-04 3.248259155321111093e-05 8.089224201752284691e-08 -2.166836079666301378e-06 -2.686020676840066343e-06 -1.080999343093672901e-06 -6.564260501468326971e-05 -3.673834158075703475e-06 9.237605901380734684e-08
2.238403972598669641e-07 2.726762152240249266e-08 1.326009310233656353e-05 8.089224201752283367e-08 9.102828811625782508e-09 -2.846785873453095262e-08 2.597451035309143657e-08 -2.555227661139160211e-08 -3.731121283590592521e-07 4.909299388205255436e-08 -1.598698731593408312e-08
-4.968363764826273861e-06 -1.876322712879810740e-06 -1.941104521337092394e-04 -2.166836079666301378e-06 -2.846785873453095262e-08 9.232455661037549928e-07 -8.927533729183500507e-07 -6.619817749302595778e-07 1.513614587388475099e-05 -1.435949713486410690e-06 -1.203752591701909460e-07
5.477412229202285506e-06 2.118031625543496295e-06 1.551037525807490440e-04 -2.686020676840066343e-06 2.597451035309143657e-08 -8.927533729183500507e-07 8.864169279863435557e-06 -2.130810235270468591e-06 -2.076076887845475452e-05 6.525755332592306018e-06 1.983495974958378870e-07
3.600646577292165555e-06 7.377874483028973389e-07 1.127576482247106350e-04 -1.080999343093672901e-06 -2.555227661139160211e-08 -6.619817749302595778e-07 -2.130810235270468591e-06 1.743634772968585958e-05 -9.108005010208016091e-06 3.666078765155186477e-06 2.535416541782339404e-07
-1.461867943813903654e-04 -3.411875982265790439e-05 5.645282796323360108e-02 -6.564260501468326971e-05 -3.731121283590592521e-07 1.513614587388475099e-05 -2.076076887845475452e-05 -9.108005010208016091e-06 9.519194027833939933e-03 -2.508929969627487683e-05 -1.040896629562785303e-05
9.747917337795204676e-06 2.004748449006382327e-06 2.961062386021360692e-04 -3.673834158075703475e-06 4.909299388205255436e-08 -1.435949713486410690e-06 6.525755332592306018e-06 3.666078765155186477e-06 -2.508929969627487683e-05 1.080248876215866284e-05 -3.004425520851590003e-07
-1.659053576578077194e-07 6.551812704412486011e-07 -3.676683542840892660e-05 9.237605901380736007e-08 -1.598698731593408312e-08 -1.203752591701909460e-07 1.983495974958378870e-07 2.535416541782339404e-07 -1.040896629562785303e-05 -3.004425520851590003e-07 5.999618719707706137e-06
