# logA n_s H0 tau_reio omega_b omega_cdm Tcal Ecal A_planck P_act
9.364666800213790256e-05 2.677559842768032102e-06 7.064600052836933052e-04 4.349746734445247820e-05 1.411827047834874628e-07 -1.614055466974679283e-06 2.912411262267035438e-06 1.434738922921386931e-06 5.079786077325195692e-06 -4.870359110371315843e-07
2.677559842768032102e-06 8.401522258531271775e-06 2.405587207796677318e-04 2.736885756749496682e-06 -1.460920173843543860e-08 -6.692834731516229940e-07 1.210878529066754519e-06 -3.542351933231846341e-07 2.704990139868644416e-07 2.815576409244011518e-07
7.064600052836933052e-04 2.405587207796677318e-04 5.849486081937976811e-02 2.944138543254336813e-04 1.055967834230478732e-05 -1.258096891980641798e-04 1.203733156936227810e-04 6.547227586198737311e-05 1.996829121889970977e-04 7.685734928249344077e-06
4.349746734445247820e-05 2.736885756749496682e-06 2.944138543254336813e-04 2.764249865726302463e-05 4.850675065607428463e-08 -7.297933166986205827e-07 -3.192969970470408939e-06 -1.581615562834275088e-06 -4.922253100020610842e-06 -7.430886457380884169e-08
1.411827047834874628e-07 -1.460920173843543860e-08 1.055967834230478732e-05 4.850675065607428463e-08 8.492021759446935656e-09 -8.796767099872435016e-09 7.210526257772683443e-10 -3.842033471143702440e-08 1.532906895933845466e-08 -2.656861990841335739e-08
-1.614055466974679283e-06 -6.692834731516229940e-07 -1.258096891980641798e-04 -7.297933166986205827e-07 -8.796767099872435016e-09 3.415571253355932850e-07 -3.177276798766327501e-07 -2.591219022838472234e-07 -5.226246370121361720e-07 -6.202520801863913338e-08
2.912411262267035438e-06 1.210878529066754519e-06 1.203733156936227810e-04 -3.192969970470408939e-06 7.210526257772683443e-10 -3.177276798766327501e-07 7.970314228372456583e-06 -2.686660591468559063e-06 5.135897233907889564e-06 9.900313422094448073e-08
1.434738922921386931e-06 -3.542351933231846341e-07 6.547227586198737311e-05 -1.581615562834275088e-06 -3.842033471143702440e-08 -2.591219022838472234e-07 -2.686660591468559063e-06 1.637756441798291450e-05 2.604517292180840530e-06 2.153808821762142563e-07
5.079786077325195692e-06 2.704990139868644416e-07 1.996829121889970977e-04 -4.922253100020610842e-06 1.532906895933845466e-08 -5.226246370121361720e-07 5.135897233907889564e-06 2.604517292180840530e-06 8.730958211588889551e-06 -3.544058345286897859e-07
-4.870359110371315843e-07 2.815576409244011518e-07 7.685734928249344077e-06 -7.430886457380884169e-08 -2.656861990841335739e-08 -6.202520801863913338e-08 9.900313422094448073e-08 2.153808821762142563e-07 -3.544058345286897859e-07 6.164693311281987023e-06
