# logA n_s H0 tau_reio omega_b omega_cdm Tcal Ecal sqrt_k_eta0 A_planck P_act
1.132729650390790937e-04 8.237454211242979378e-06 -4.028702354159459896e-03 5.242816299524342147e-05 2.655115314352717506e-07 -4.776840810368987210e-06 6.493915631038755402e-06 1.867155955934221320e-06 -8.856003468802939706e-04 9.740603488305162589e-06 2.617558341750998799e-07
8.237454211242979378e-06 1.065627821631197887e-05 1.410220195751380389e-03 5.332267953280523622e-06 3.171191667632208526e-08 -1.922362229283106048e-06 1.974420853561048622e-06 5.582618219403565084e-07 9.646234466869917947e-05 1.916690077243162520e-06 7.028935244032557511e-07
-4.028702354159459896e-03 1.410220195751380389e-03 1.055702726896596388e+01 -3.099488797587945527e-06 3.442587751630694307e-05 -8.025571880973289118e-04 -8.099947156976250494e-04 -6.767766059670171511e-04 1.488367879419628226e+00 -1.033864088495544233e-03 4.287521094932516549e-05
5.242816299524342147e-05 5.332267953280523622e-06 -3.099488797587905716e-06 3.279821514392123986e-05 1.064764623552945359e-07 -2.390853781058885945e-06 -2.026879516808187427e-06 -2.024530904467982455e-06 -1.445647758512367924e-04 -3.541490772815252143e-06 1.578550212204306397e-07
2.655115314352717506e-07 3.171191667632208526e-08 3.442587751630694307e-05 1.064764623552945094e-07 9.255321800194520620e-09 -3.284965521995365005e-08 2.492349087318644104e-08 -2.330589237995198331e-08 1.961121294022413878e-06 4.797950026457980326e-08 -2.673090677369479263e-08
-4.776840810368987210e-06 -1.922362229283106048e-06 -8.025571880973289118e-04 -2.390853781058885945e-06 -3.284965521995365005e-08 9.726651573382820316e-07 -6.823608247963473443e-07 -4.606405776983974613e-07 -6.081333987799459950e-05 -1.217259226227521606e-06 -1.589349711596473281e-07
6.493915631038755402e-06 1.974420853561048622e-06 -8.099947156976250494e-04 -2.026879516808187427e-06 2.492349087318644104e-08 -6.823608247963473443e-07 8.534258892517516094e-06 -2.091046210198457374e-06 -1.596964541116467748e-04 6.094946488360041464e-06 1.929922384946597519e-07
1.867155955934221320e-06 5.582618219403565084e-07 -6.767766059670171511e-04 -2.024530904467982455e-06 -2.330589237995198331e-08 -4.606405776983974613e-07 -2.091046210198457374e-06 1.699579373581444315e-05 -1.200696952497764972e-04 3.555111616827727645e-06 2.036804347889769591e-07
-8.856003468802939706e-04 9.646234466869917947e-05 1.488367879419628226e+00 -1.445647758512367924e-04 1.961121294022413878e-06 -6.081333987799459950e-05 -1.596964541116467748e-04 -1.200696952497764972e-04 2.135293288868313488e-01 -2.228224552820483241e-04 2.262244254355220987e-06
9.740603488305162589e-06 1.916690077243162520e-06 -1.033864088495544233e-03 -3.541490772815251296e-06 4.797950026457980326e-08 -1.217259226227521606e-06 6.094946488360041464e-06 3.555111616827727645e-06 -2.228224552820483241e-04 1.042729192060691479e-05 -7.240743734163044171e-08
2.617558341750998799e-07 7.028935244032557511e-07 4.287521094932516549e-05 1.578550212204307191e-07 -2.673090677369479263e-08 -1.589349711596473281e-07 1.929922384946597519e-07 2.036804347889769591e-07 2.262244254355218446e-06 -7.240743734163044171e-08 5.989819655916107276e-06
