# logA n_s H0 tau_reio omega_b omega_cdm Tcal Ecal sqrt_k_eta0 A_planck P_act
9.730932742752560329e-05 4.792526701059053911e-06 -3.121387660717254769e-04 4.519692441871108618e-05 1.446008890949210862e-07 -2.305134762147315399e-06 3.816350344515622705e-06 1.744865180569868645e-06 -1.632914332780172029e-04 6.146166081768025746e-06 -1.538928886915482486e-07
4.792526701059053911e-06 8.510353983084819674e-06 -1.025507386220058693e-04 3.439512058400930096e-06 -7.912984970438728448e-09 -8.623608285640475908e-07 1.377791223320360984e-06 -1.405322960267734069e-07 -5.392678186091696393e-05 8.240568795832035085e-07 3.164699134615744345e-07
-3.121387660717254769e-04 -1.025507386220058693e-04 2.906241383550827728e-01 -1.127530714285908484e-04 4.107282538624969302e-06 3.054364968382618239e-05 -7.674123907933753388e-05 -1.308163794887780168e-05 4.253778061220468004e-02 -1.034592701233373130e-04 1.028700168108020851e-05
4.519692441871108618e-05 3.439512058400930096e-06 -1.127530714285908484e-04 2.834309453185273635e-05 5.320254333958463393e-08 -1.000396848450232514e-06 -2.789852750722092286e-06 -1.640819584815991437e-06 -6.486365442260954651e-05 -4.462789600125970991e-06 -4.029134233715281211e-08
1.446008890949210862e-07 -7.912984970438728448e-09 4.107282538624969302e-06 5.320254333958463393e-08 8.731375234877403214e-09 -1.060847663503493655e-08 4.260695760924361630e-09 -3.777503529501649367e-08 -8.982549182830770205e-07 1.498965226183596828e-08 -2.500936073810092499e-08
-2.305134762147315399e-06 -8.623608285640475908e-07 3.054364968382618239e-05 -1.000396848450232514e-06 -1.060847663503493655e-08 4.275277407191093448e-07 -4.561519294236454090e-07 -2.603454309181918851e-07 2.393513103736708757e-05 -7.087191648873401161e-07 -3.931981770508714141e-08
3.816350344515622705e-06 1.377791223320360984e-06 -7.674123907933753388e-05 -2.789852750722092286e-06 4.260695760924361630e-09 -4.561519294236454090e-07 8.026130026234404066e-06 -2.400797690417303741e-06 -3.227886807764456873e-05 5.368932637084179912e-06 -4.308944143955120556e-08
1.744865180569868645e-06 -1.405322960267734069e-07 -1.308163794887780168e-05 -1.640819584815991437e-06 -3.777503529501649367e-08 -2.603454309181918851e-07 -2.400797690417303741e-06 1.662674263405775394e-05 -9.822559458985670943e-06 2.904008718387095463e-06 2.745430395000104123e-07
-1.632914332780172029e-04 -5.392678186091696393e-05 4.253778061220468004e-02 -6.486365442260954651e-05 -8.982549182830770205e-07 2.393513103736708757e-05 -3.227886807764456873e-05 -9.822559458985670943e-06 7.331713678138670337e-03 -4.809195438485077534e-05 1.771020770539407759e-06
6.146166081768025746e-06 8.240568795832035085e-07 -1.034592701233373130e-04 -4.462789600125970991e-06 1.498965226183596828e-08 -7.087191648873401161e-07 5.368932637084179912e-06 2.904008718387095463e-06 -4.809195438485077534e-05 9.079765128675719267e-06 -2.381077380713773286e-07
-1.538928886915482486e-07 3.164699134615744345e-07 1.028700168108020851e-05 -4.029134233715283197e-08 -2.500936073810092499e-08 -3.931981770508714141e-08 -4.308944143955120556e-08 2.745430395000104123e-07 1.771020770539407759e-06 -2.381077380713773286e-07 6.075954167663173656e-06
