# logA n_s theta_s_100 tau_reio omega_b omega_cdm Tcal Ecal A_planck P_act
9.197698239990026794e-05 2.041031893644712342e-06 8.243264741894242723e-08 4.325375773720102916e-05 1.327086931281069029e-07 -1.609449181107032985e-06 2.195500583937798122e-06 2.065190898351335245e-06 4.252829599672132158e-06 -1.643791155463190053e-07
2.041031893644712342e-06 8.308998006159446490e-06 4.975728586805800733e-08 2.838656530140248004e-06 -2.234493918553351078e-08 -6.826956238873777053e-07 7.384659365922241511e-07 -2.199571275513647411e-07 -1.990986021059007844e-07 4.838421077353445494e-07
8.243264741894242723e-08 4.975728586805800733e-08 4.939041292021184243e-08 2.086300492264319197e-08 -3.036492342863413807e-10 1.089468315254086892e-08 1.843051993889873961e-08 -3.542980254294634244e-09 -1.530416406665483440e-08 3.730719614190009522e-08
4.325375773720102916e-05 2.838656530140248004e-06 2.086300492264319197e-08 2.836913268701413580e-05 3.784477970714125205e-08 -8.190403287489811339e-07 -3.745655156803824892e-06 -1.464212102418577592e-06 -5.742407450379464820e-06 3.898268794755134821e-08
1.327086931281069029e-07 -2.234493918553351078e-08 -3.036492342863413807e-10 3.784477970714125205e-08 8.278736970651540637e-09 -9.104418804871251231e-09 8.076296199485117235e-09 -3.502487976551113684e-08 2.141979507397888160e-08 -2.370507080550102462e-08
-1.609449181107032985e-06 -6.826956238873777053e-07 1.089468315254086892e-08 -8.190403287489811339e-07 -9.104418804871251231e-09 3.421628661690372914e-07 -2.290455249491992478e-07 -2.576263678736472665e-07 -4.301980073238571686e-07 -4.393029998105972123e-08
2.195500583937798122e-06 7.384659365922241511e-07 1.843051993889873961e-08 -3.745655156803824892e-06 8.076296199485117235e-09 -2.290455249491992478e-07 7.789357882770942088e-06 -2.342391052864610950e-06 5.169887948763161599e-06 8.804809922717558358e-09
2.065190898351335245e-06 -2.199571275513647411e-07 -3.542980254294634244e-09 -1.464212102418577592e-06 -3.502487976551113684e-08 -2.576263678736472665e-07 -2.342391052864610950e-06 1.612680480603232805e-05 2.862508802324676275e-06 1.832777365443631708e-07
4.252829599672132158e-06 -1.990986021059007844e-07 -1.530416406665483440e-08 -5.742407450379464820e-06 2.141979507397888160e-08 -4.301980073238571686e-07 5.169887948763161599e-06 2.862508802324676275e-06 9.006764231708837246e-06 -3.519096387613241083e-07
-1.643791155463190053e-07 4.838421077353445494e-07 3.730719614190009522e-08 3.898268794755134821e-08 -2.370507080550102462e-08 -4.393029998105972123e-08 8.804809922717558358e-09 1.832777365443631708e-07 -3.519096387613241083e-07 6.089629152392852164e-06
