# logA n_s H0 tau_reio omega_b omega_cdm Tcal Ecal sqrt_k_eta0 A_planck P_act
1.035094064138812283e-04 7.267642440177221624e-06 7.283409150013110840e-05 4.863907523811010080e-05 2.128207183873911601e-07 -4.394301063846271199e-06 4.871923619022338924e-06 2.703567145424830197e-06 -2.128432246108505571e-04 8.186598029408079347e-06 -4.575075130228195208e-08
7.267642440177221624e-06 1.022513581052356613e-05 3.015109093630201657e-04 4.624597654909024654e-06 1.697715049494895104e-08 -1.697127255197995750e-06 2.118757072169379558e-06 3.507598043299246560e-07 -3.617488006860867616e-05 1.807872501521389193e-06 4.232556958916303374e-07
7.283409150013110840e-05 3.015109093630201657e-04 5.798360546543983585e-01 5.355185905936721708e-05 1.100672807286640309e-05 -1.608019349471856646e-04 9.827642904072553297e-05 5.058145270620579035e-05 8.074026353974016190e-02 1.576142718807447098e-04 1.398908809258519731e-05
4.863907523811010080e-05 4.624597654909024654e-06 5.355185905936721031e-05 3.061502946431454410e-05 8.040831786087093732e-08 -1.925470990339354897e-06 -2.522570009987164962e-06 -1.287628448248823583e-06 -8.652439017794522416e-05 -3.860248555642895426e-06 -6.100521228238668027e-09
2.128207183873911601e-07 1.697715049494895104e-08 1.100672807286640309e-05 8.040831786087093732e-08 9.103550452611102930e-09 -2.524968069389682345e-08 1.443390702974047875e-08 -2.258477677388465246e-08 -5.661235728189103186e-07 3.749360193749709831e-08 -2.543425329100604633e-08
-4.394301063846271199e-06 -1.697127255197995750e-06 -1.608019349471856646e-04 -1.925470990339354897e-06 -2.524968069389682345e-08 8.810908686403621317e-07 -8.491687838579282317e-07 -6.080631121508579107e-07 1.738375420048941754e-05 -1.351835394221328632e-06 -1.187226214861442753e-07
4.871923619022338924e-06 2.118757072169379558e-06 9.827642904072553297e-05 -2.522570009987164962e-06 1.443390702974047875e-08 -8.491687838579282317e-07 8.489759576962371219e-06 -2.184052422046366554e-06 -2.683305885529574085e-05 6.013528077108117186e-06 1.312643419893168762e-07
2.703567145424830197e-06 3.507598043299246560e-07 5.058145270620579035e-05 -1.287628448248823583e-06 -2.258477677388465246e-08 -6.080631121508579107e-07 -2.184052422046366554e-06 1.646074746056589976e-05 -1.617838346297169620e-05 3.376316410742302188e-06 3.847418579276810213e-07
-2.128432246108505571e-04 -3.617488006860867616e-05 8.074026353974016190e-02 -8.652439017794521061e-05 -5.661235728189103186e-07 1.738375420048941754e-05 -2.683305885529574085e-05 -1.617838346297169620e-05 1.337821144412359477e-02 -4.157992817209262042e-05 -8.081528646355144805e-07
8.186598029408079347e-06 1.807872501521389193e-06 1.576142718807447098e-04 -3.860248555642895426e-06 3.749360193749709831e-08 -1.351835394221328632e-06 6.013528077108117186e-06 3.376316410742302188e-06 -4.157992817209262042e-05 1.014521707263966230e-05 -1.328725879981628276e-07
-4.575075130228195208e-08 4.232556958916303374e-07 1.398908809258519731e-05 -6.100521228238658101e-09 -2.543425329100604633e-08 -1.187226214861442753e-07 1.312643419893168762e-07 3.847418579276810213e-07 -8.081528646355144805e-07 -1.328725879981628276e-07 6.049031726120004363e-06
