# logA n_s H0 tau_reio omega_b omega_cdm Tcal Ecal A_planck P_act
9.013479647617727642e-05 2.025498525098491266e-06 6.279136138655583375e-04 4.267212974605548681e-05 1.231717917276118059e-07 -1.392619772172507742e-06 1.957489741844102055e-06 1.341656691779733769e-06 3.929939421496119918e-06 -2.857746012575365145e-07
2.025498525098491266e-06 7.769318123912420586e-06 2.345459939950855256e-04 2.443734418780846340e-06 -1.743034646702866103e-08 -6.564105776705626471e-07 1.073908325749250641e-06 -5.095318554391356449e-07 1.219619490750294546e-07 4.241451905787003392e-07
6.279136138655583375e-04 2.345459939950855256e-04 5.540904794133133526e-02 2.870166852923271891e-04 9.670984388636465575e-06 -1.192931469872320760e-04 1.046097520237827111e-04 2.670336302065590261e-05 1.598967830775275471e-04 7.151516807982248769e-06
4.267212974605548681e-05 2.443734418780846340e-06 2.870166852923271891e-04 2.845069145243269841e-05 4.721395586620018848e-08 -6.784711122392923897e-07 -4.137171860652111983e-06 -2.180528996506283308e-06 -6.204240640849315562e-06 -1.860338219450835449e-07
1.231717917276118059e-07 -1.743034646702866103e-08 9.670984388636465575e-06 4.721395586620018848e-08 8.533544043477020708e-09 -6.389742448460066244e-09 -9.585945654023723547e-10 -4.790742770362602807e-08 2.804779528284612369e-09 -2.501469534517036768e-08
-1.392619772172507742e-06 -6.564105776705626471e-07 -1.192931469872320760e-04 -6.784711122392923897e-07 -6.389742448460066244e-09 3.280471344054887627e-07 -2.763180344814061900e-07 -1.790030050105096372e-07 -4.490116455082353923e-07 -4.427564677784731452e-08
1.957489741844102055e-06 1.073908325749250641e-06 1.046097520237827111e-04 -4.137171860652111983e-06 -9.585945654023723547e-10 -2.763180344814061900e-07 8.083079328803681940e-06 -2.364037758547051257e-06 5.517822685350727490e-06 8.994392621027607225e-08
1.341656691779733769e-06 -5.095318554391356449e-07 2.670336302065590261e-05 -2.180528996506283308e-06 -4.790742770362602807e-08 -1.790030050105096372e-07 -2.364037758547051257e-06 1.637168313769770233e-05 3.158556549347152599e-06 3.850260602796451767e-07
3.929939421496119918e-06 1.219619490750294546e-07 1.598967830775275471e-04 -6.204240640849315562e-06 2.804779528284612369e-09 -4.490116455082353923e-07 5.517822685350727490e-06 3.158556549347152599e-06 9.391611920922782300e-06 -1.711174661584044050e-07
-2.857746012575365145e-07 4.241451905787003392e-07 7.151516807982248769e-06 -1.860338219450835449e-07 -2.501469534517036768e-08 -4.427564677784731452e-08 8.994392621027607225e-08 3.850260602796451767e-07 -1.711174661584044050e-07 6.243837354882901426e-06
