# logA n_s H0 tau_reio omega_b omega_cdm Tcal Ecal sqrt_k_eta0 A_planck P_act
9.894279333187796274e-05 3.657042229093479054e-06 -5.762361600184751857e-04 4.662813742022732565e-05 1.643339879033689234e-07 -2.226804355102846135e-06 2.417386721803370450e-06 2.172251405281672919e-06 -2.029333322854336825e-04 5.617843638589735605e-06 2.976184869247737383e-07
3.657042229093479054e-06 8.342711564111849636e-06 -7.280049958738430034e-05 2.836218687194327751e-06 -1.450044327358755378e-08 -9.173074731263840837e-07 1.376709318036860768e-06 3.216476429658584822e-07 -4.933269369359613099e-05 8.877528718272366528e-07 3.970236694765862765e-07
-5.762361600184751857e-04 -7.280049958738430034e-05 2.806378816115373542e-01 -2.204075434565767161e-04 3.197866886120206112e-06 3.086738633295889745e-05 -5.172520476122762368e-05 -6.758725324729034122e-05 4.271247091516423150e-02 -1.179856312002277354e-04 -9.491387273902004729e-06
4.662813742022732565e-05 2.836218687194327751e-06 -2.204075434565767161e-04 2.981407755263974833e-05 5.552404215371729752e-08 -9.580174853646718051e-07 -3.833217915542654910e-06 -1.577180935783974834e-06 -8.085016427649366702e-05 -5.123775292598752894e-06 -3.014956462466893345e-08
1.643339879033689234e-07 -1.450044327358755378e-08 3.197866886120206112e-06 5.552404215371729752e-08 8.464840059855087221e-09 -1.108028242193455309e-08 1.075030500296571208e-08 -3.489231008814284266e-08 -9.571030651794836495e-07 2.060356249687942299e-08 -2.646510266797523644e-08
-2.226804355102846135e-06 -9.173074731263840837e-07 3.086738633295889745e-05 -9.580174853646718051e-07 -1.108028242193455309e-08 4.527153516976682330e-07 -4.500215522662650393e-07 -3.497810192815650708e-07 2.416790453937062852e-05 -7.501200460142092996e-07 -5.674467709275710485e-08
2.417386721803370450e-06 1.376709318036860768e-06 -5.172520476122762368e-05 -3.833217915542654910e-06 1.075030500296571208e-08 -4.500215522662650393e-07 8.388093368357489276e-06 -2.324080877373134843e-06 -2.805677716149661890e-05 5.668463060087799478e-06 1.462871910641769563e-07
2.172251405281672919e-06 3.216476429658584822e-07 -6.758725324729034122e-05 -1.577180935783974834e-06 -3.489231008814284266e-08 -3.497810192815650708e-07 -2.324080877373134843e-06 1.655975703265991937e-05 -2.137570492879071568e-05 3.221977863239824336e-06 3.055975240315479026e-07
-2.029333322854336825e-04 -4.933269369359613099e-05 4.271247091516423150e-02 -8.085016427649366702e-05 -9.571030651794836495e-07 2.416790453937062852e-05 -2.805677716149661890e-05 -2.137570492879071568e-05 7.552685290548978060e-03 -5.057568345577351211e-05 -1.498186437281687308e-06
5.617843638589735605e-06 8.877528718272366528e-07 -1.179856312002277354e-04 -5.123775292598752894e-06 2.060356249687942299e-08 -7.501200460142092996e-07 5.668463060087799478e-06 3.221977863239824336e-06 -5.057568345577351211e-05 9.512012399743305637e-06 -1.644732775836295958e-09
2.976184869247737383e-07 3.970236694765862765e-07 -9.491387273902004729e-06 -3.014956462466893345e-08 -2.646510266797523644e-08 -5.674467709275710485e-08 1.462871910641769563e-07 3.055975240315479026e-07 -1.498186437281687308e-06 -1.644732775836295958e-09 5.810952935309802284e-06
