# logA n_s H0 tau_reio omega_b omega_cdm Tcal Ecal sqrt_k_eta0 A_planck P_act
9.387944935092649046e-05 2.594356913495670099e-06 -6.324792195800154389e-04 4.369599646677617297e-05 1.449186854939293144e-07 -2.052398815555275490e-06 3.130654551669789540e-06 1.886321783295307213e-06 -2.014198515784926626e-04 5.497172173864678580e-06 -5.329526170714581163e-07
2.594356913495670099e-06 8.316144853650255184e-06 -6.764494449797527802e-05 2.267422188580310855e-06 -1.898637881689240823e-08 -8.872743125436897510e-07 1.298296333351038046e-06 2.217404471885851418e-07 -4.682588295275659019e-05 9.776909821486526714e-07 3.287009184881696713e-07
-6.324792195800154389e-04 -6.764494449797527802e-05 3.254585355942713476e-01 -1.534039148717368615e-04 5.689427807235066755e-07 5.251798311985573240e-05 -1.468908922740394020e-04 -4.666546727118396648e-05 5.038604289881359194e-02 -2.154256668944093162e-04 -1.467103703595149710e-05
4.369599646677617297e-05 2.267422188580310855e-06 -1.534039148717368615e-04 2.797357952470185571e-05 5.273452994110667710e-08 -8.810420390317398513e-07 -3.354520526846276494e-06 -1.602071919571877442e-06 -6.765590750065509631e-05 -5.070405133812121285e-06 -2.694146831631214153e-07
1.449186854939293144e-07 -1.898637881689240823e-08 5.689427807235066755e-07 5.273452994110667710e-08 8.859787076905121819e-09 -8.384700302745532290e-09 3.217703996388430387e-09 -3.665330000892625196e-08 -1.341523928201250759e-06 1.024814831580897774e-08 -2.964718903290822402e-08
-2.052398815555275490e-06 -8.872743125436897510e-07 5.251798311985573240e-05 -8.810420390317398513e-07 -8.384700302745532290e-09 4.336980477547805064e-07 -4.103674245303456064e-07 -3.952165509962211184e-07 2.648509907708023080e-05 -7.174734049874574490e-07 -4.774324117328443217e-08
3.130654551669789540e-06 1.298296333351038046e-06 -1.468908922740394020e-04 -3.354520526846276494e-06 3.217703996388430387e-09 -4.103674245303456064e-07 7.980665220261846821e-06 -2.272672088554221954e-06 -4.007190069851521857e-05 5.488848732058130208e-06 1.896545182396844483e-07
1.886321783295307213e-06 2.217404471885851418e-07 -4.666546727118396648e-05 -1.602071919571877442e-06 -3.665330000892625196e-08 -3.952165509962211184e-07 -2.272672088554221954e-06 1.654904331216875931e-05 -1.803933431101668980e-05 3.172691163174135098e-06 -8.735095146080040565e-09
-2.014198515784926626e-04 -4.682588295275659019e-05 5.038604289881359194e-02 -6.765590750065509631e-05 -1.341523928201250759e-06 2.648509907708023080e-05 -4.007190069851521857e-05 -1.803933431101668980e-05 8.815553113583564707e-03 -6.237953060542401245e-05 -1.460769868383206832e-06
5.497172173864678580e-06 9.776909821486526714e-07 -2.154256668944093162e-04 -5.070405133812121285e-06 1.024814831580897774e-08 -7.174734049874574490e-07 5.488848732058130208e-06 3.172691163174135098e-06 -6.237953060542401245e-05 9.415975062356233782e-06 -1.676428413532268408e-07
-5.329526170714581163e-07 3.287009184881696713e-07 -1.467103703595149710e-05 -2.694146831631214153e-07 -2.964718903290822402e-08 -4.774324117328443217e-08 1.896545182396844483e-07 -8.735095146080040565e-09 -1.460769868383206832e-06 -1.676428413532268408e-07 6.136027688077947206e-06
